Multiple size <= 100
TEST 1 ARG:3 82 36 94 20 38 63 45 41 71 1 26 44 84 76 17 40 33 52 13 64 68 91 39 7 75 12 62 50 49 97 31 6 86 72 55 99 25 83 30 11 14 73 22 19 2 79 42 88 65 0 78 5 89 95 77 8 61 87 48 58 90 92 23 93 70 59 43 29 66 24 27 98 80 47 56 60 34 15 57 37 32 96 4 85 10 67 21 18 9 16 69 53 54 46 35 81 74 28 51 
TEST 2 ARG:18 7 19 71 54 59 24 97 46 52 6 63 98 88 57 2 50 77 85 87 66 56 47 94 81 33 65 8 96 26 75 62 53 22 72 29 11 90 39 28 12 92 49 30 79 58 17 83 16 48 34 1 82 23 41 10 67 37 20 42 60 43 0 95 40 32 36 25 27 13 99 73 76 80 86 3 89 91 45 84 64 68 51 74 93 5 69 35 14 31 78 4 9 70 61 55 15 21 38 44 
TEST 3 ARG:83 54 63 80 75 51 91 72 37 25 40 95 86 90 73 52 26 36 55 22 53 60 21 31 42 2 27 43 71 76 5 28 20 45 74 61 93 33 39 85 84 10 19 13 56 77 98 89 94 6 11 35 87 96 68 1 59 99 97 24 44 49 9 57 30 92 65 81 0 70 78 38 62 64 67 17 14 79 46 34 29 47 69 48 4 16 82 18 32 15 58 88 3 66 7 12 23 50 8 41 
TEST 4 ARG:73 89 35 31 91 74 45 72 75 49 56 10 37 48 76 42 59 67 66 51 18 19 68 55 46 5 36 82 41 85 70 32 6 27 71 20 8 26 62 52 93 95 17 90 47 77 15 98 69 61 63 44 57 43 58 88 29 9 84 60 87 16 92 40 13 53 11 86 1 65 81 12 79 34 83 14 64 2 39 33 7 24 50 78 0 23 28 54 94 4 97 80 99 25 30 3 22 96 38 21 
TEST 5 ARG:90 15 28 2 92 76 19 94 24 82 39 78 7 87 44 34 48 74 17 59 20 57 88 18 86 14 38 42 81 43 16 70 30 91 5 41 98 97 6 83 65 93 99 52 1 60 77 72 9 35 53 37 25 68 33 29 73 58 12 89 31 85 69 71 61 63 54 95 3 10 51 64 84 4 96 46 26 55 80 22 49 23 0 27 75 67 36 11 62 50 45 47 79 32 21 66 8 13 40 56 
TEST 6 ARG:25 91 39 2 23 69 89 44 62 5 35 92 37 68 82 36 61 96 72 18 29 30 77 0 24 57 6 78 51 94 17 79 99 41 7 97 46 53 55 76 98 56 4 83 42 38 12 16 52 20 74 13 60 32 88 33 95 14 45 10 64 8 28 67 47 65 11 81 40 9 86 59 75 54 87 34 70 22 43 73 90 48 49 84 27 58 21 50 19 1 31 63 15 26 66 85 93 80 71 3 
TEST 7 ARG:91 96 90 55 98 1 72 8 56 35 21 31 60 34 18 22 62 19 20 50 52 95 61 3 13 84 33 32 26 73 29 54 89 41 46 38 76 24 6 94 58 75 37 12 5 74 83 66 45 0 40 28 27 51 57 11 71 85 7 69 48 64 30 87 43 16 70 97 49 39 67 10 78 99 23 79 15 14 53 63 92 77 25 42 9 36 59 47 81 65 17 82 80 4 88 2 86 68 93 44 
TEST 8 ARG:11 99 50 15 92 16 33 78 67 10 73 6 83 21 49 95 61 93 89 40 57 2 46 36 70 47 43 87 59 88 63 71 41 75 31 77 53 58 52 12 81 13 54 23 20 39 30 38 74 45 64 3 5 28 84 25 9 7 0 91 51 98 35 14 68 82 17 66 24 85 80 86 27 37 18 19 60 32 69 8 56 76 29 96 22 26 65 4 62 90 94 55 72 79 34 48 97 42 44 1 
TEST 9 ARG:10 97 60 37 25 74 24 19 7 75 87 71 42 55 30 31 39 20 43 76 85 93 40 69 44 6 70 9 35 34 64 68 51 33 15 80 90 91 86 94 56 32 48 61 88 58 63 47 5 11 23 0 72 16 38 1 57 79 26 18 36 81 52 84 83 12 77 95 4 22 2 82 28 27 50 62 67 89 54 14 13 98 21 65 46 53 17 96 78 8 41 92 59 45 73 66 3 29 99 49 
TEST 10 ARG:55 88 51 32 84 35 21 73 5 96 30 37 81 27 75 8 71 29 18 34 31 2 33 54 7 53 79 62 68 42 11 43 74 64 0 97 16 59 98 6 44 3 60 15 48 4 13 39 86 14 41 63 65 66 24 57 50 76 94 61 23 58 80 25 87 92 45 47 20 19 49 77 38 72 82 26 1 70 9 67 93 52 89 22 28 40 46 69 56 78 95 83 85 10 99 12 36 90 17 91 
TEST 11 ARG:29 93 34 59 64 94 28 41 20 0 90 48 8 84 37 96 86 65 32 88 11 76 58 31 36 98 78 61 10 85 26 51 72 4 33 21 14 16 99 70 12 27 73 40 19 74 53 55 75 71 35 52 62 25 7 54 89 22 56 1 79 68 81 24 43 95 6 82 18 77 47 49 23 87 92 30 42 44 67 80 17 5 13 83 60 9 91 45 38 63 15 69 57 46 2 66 97 3 39 50 
TEST 12 ARG:21 98 87 17 88 53 52 48 51 5 58 70 61 26 13 74 76 97 32 16 0 63 12 78 82 92 69 33 67 95 72 46 44 11 89 8 34 27 9 19 1 28 49 38 85 10 66 64 15 62 91 29 3 23 86 94 7 93 55 54 20 99 18 96 41 59 81 77 83 68 50 84 39 90 45 30 75 14 6 80 22 35 4 60 73 25 43 31 79 57 42 47 37 65 36 71 2 56 24 40 
TEST 13 ARG:50 64 17 54 99 80 55 85 20 15 36 51 5 21 26 4 0 25 28 91 62 66 47 38 10 93 7 44 89 16 58 53 81 11 8 92 84 22 83 45 9 49 67 87 72 94 82 70 57 71 95 2 19 97 34 86 31 52 61 33 24 59 29 75 37 73 13 88 98 78 68 65 23 1 90 40 30 27 60 46 69 77 56 43 63 12 42 74 41 79 32 48 96 76 6 18 35 39 3 14 
